01101000000000000000000000000001
01101000001000000000000000000001
01101000011000000000000000001001
01101000100000000000000000000000
00000000010000010000000000000000
00100000001000000000100000000000
00000000000000100000000000000000
00000100011000110000000000000001
10101000100000110000000000000000
10100100000000000000000000010000
01101000100000000000000001011001
10101000010001000000000000000000
10100000000000000000000001000000
01101000000000000000101001000010
11000100000000000000000000000000
10000000000000000000000001010000
01101000000000000000101001000001
11000100000000000000000000000000
11000100001000000000000000000000
10000000000000000000000001010000
10000100000000000000000000000000
